0.25689369157162201,0.062896847017309007
0.0,0.0,0.0
0.0,0.0,0.643488652117711
0.56240366759172122,0.0,0.0
0.0,0.70577775751762817,0.0
0.62224987629374873,0.5293110567617999,0.66849945228462837
0.0,0.0,0.66676202727337208
0.54452475254279753,0.0,0.0
0.53872284075980925,0.0,0.0
0.0,0.0,0.0
0.53442194676187293,0.0,0.0
0.0,0.0,0.39070851985853045
0.0,0.507601629206621,0.0
0.0,0.71040841702920177,0.0
0.0,0.0,0.0
0.0,0.0,0.63281540341959774
0.0,0.4941845232503464,0.0
0.0,0.0,0.0
0.65128402687531894,0.0,0.0
0.0,0.46384230747504102,0.0
0.0,0.0,0.0
0.0,0.0,0.0
0.0,0.0,0.0
0.0,0.0,0.0
0.0,0.0,0.3759664261367423
