snr,step,train_loss,train_fit,test_loss,test_fit,model_fit
,0,7984.3,0.0493737,7987.69,0.0497571,0.101452
,100,4345.64,0.298678,4315.03,0.301581,0.101452
,200,3882.69,0.337088,3844.69,0.340743,0.101452
,300,3855.74,0.339391,3813.94,0.343384,0.101452
,400,3855.59,0.339403,3813.35,0.343436,0.101452
,500,3855.59,0.339403,3813.35,0.343436,0.101479
inf,0,446.735,0.775138,436.518,0.777861,1.0
inf,100,356.955,0.798999,359.177,0.798499,0.51419
inf,200,356.679,0.799076,360.327,0.798176,0.486099
inf,300,356.601,0.799099,360.162,0.798222,0.470916
inf,400,356.551,0.799113,359.801,0.798323,0.466063
inf,500,356.513,0.799123,359.281,0.798469,0.461714
0.1,0,52602.8,-1.44003,52345.3,-1.43256,0.189876
0.1,100,19944.2,-0.502447,19773.1,-0.495069,0.189876
0.1,200,7677.29,0.0678287,7566.92,0.0751248,0.189876
0.1,300,3084.4,0.40915,3008.13,0.416861,0.189876
0.1,400,1137.28,0.641222,1089.61,0.649039,0.189876
0.1,500,517.746,0.757925,488.229,0.765072,0.189891
0.5,0,8953.21,-0.00665343,8870.35,-0.00136912,0.47839
0.5,100,862.308,0.687592,827.329,0.694182,0.47839
0.5,200,398.523,0.787618,375.033,0.794099,0.47839
0.5,300,393.055,0.789079,371.018,0.795204,0.47839
0.5,400,393.049,0.789081,371.027,0.795202,0.47839
0.5,500,393.049,0.789082,371.027,0.795201,0.47869
1,0,3240.5,0.394384,3200.02,0.398548,0.570535
1,100,402.405,0.786585,380.483,0.792608,0.570535
1,200,393.049,0.789081,371.026,0.795202,0.570535
1,300,393.049,0.789081,371.024,0.795202,0.570535
1,400,393.049,0.789082,371.024,0.795202,0.570535
1,500,393.049,0.789082,371.025,0.795202,0.570602
2,0,2352.63,0.483978,2307.74,0.48924,0.694205
2,100,402.067,0.786676,389.722,0.790105,-0.0786076
2,200,392.037,0.789353,375.78,0.793894,-0.211649
2,300,391.11,0.789603,373.113,0.794627,-0.462066
2,400,391.011,0.789629,373.15,0.794616,-0.395252
2,500,390.836,0.789676,372.886,0.794689,-0.150107
4,0,1447.48,0.595239,1398.88,0.602337,0.759828
4,100,394.562,0.788676,376.715,0.793638,-0.352646
4,200,391.502,0.789497,372.302,0.79485,-0.4877
4,300,391.42,0.789519,372.066,0.794915,-0.457818
4,400,391.413,0.789521,371.94,0.79495,-0.293286
4,500,391.161,0.789589,372.05,0.794919,-0.0532888
